 
３ 【事業の内容】当社グループは、当社と、子会社である㈱理論社及び㈱国土社の２社並びに親会社である㈱ビックカメラ（東京証券取引所市場第一部上場）で構成され、主としてＢＳデジタル放送事業を営んでおります。 当社は、放送法に基づく放送衛星を利用した認定基幹放送事業を営むことを主たる事業目的として設立され、ＢＳデジタルハイビジョン放送（チャンネル：211ch、リモコンＩＤ：11）を行っており、全国無料放送による総合編成を行う放送局として、報道番組、教養番組、娯楽番組、広告、ショッピング番組、その他の番組を広く扱うことにより、広告主よりタイム収入、スポット収入及びその他収入を得ております。また、「質の高い情報を提供することで人々に感動を与え幸せな社会づくりに貢献します」との経営理念に基づき、これを更に具体化した、『豊かで癒される教養・娯楽番組と中立公正な報道・情報番組を発信し「価値ある時間」を約束します』を経営ビジョンと定めております。子会社である㈱理論社及び㈱国土社の両社は、絵本、読み物、学習物といった児童書出版事業を行っております。親会社は、主として家電製品等の販売事業を行っており、当社は親会社よりタイム収入、スポット収入及びその他収入を得ております。なお、事業の系統図は、次のとおりであります。

 当社の収入区分は、次のとおりであります。タイム収入・・・・広告主に番組の放送時間枠を販売し、広告主の提供する番組及び広告主のＣＭ(コマーシャルメッセージ)を放送いたします。スポット収入・・・広告主に番組と番組の間の時間枠等を秒単位で販売し、広告主のＣＭ(コマーシャルメッセージ)を放送いたします。その他収入・・・・地上波ローカル局等への番組販売、番組制作による収入及び製作委員会方式により製作されたアニメ作品等に係る出資配当金、書籍の販売等であります。 　収入区分別の売上高の推移は、次のとおりであります。（単位：千円）











 

第19期

第20期

第21期

第22期

第23期



タイム収入

8,541,550

8,742,933

8,658,587

7,934,768

8,008,993



スポット収入

2,755,358

2,933,843

2,762,225

2,385,763

2,759,605



その他収入

272,230

817,366

1,180,415

1,073,658

1,235,812



合計

11,569,138

12,494,143

12,601,228

11,394,190

12,004,411


 
（注）当社グループは、第20期より連結財務諸表を作成しているため、第19期については、提出会社の数値を記載しております。 