 
3 【事業等のリスク】有価証券報告書に記載した事業の状況、経理の状況等に関する事項のうち、経営者が連結会社の財政状態、経営成績及びキャッシュ・フローの状況に重要な影響を与える可能性があると認識している主要なリスクは、以下のとおりであります。なお、文中の将来に関する事項は、有価証券報告書提出日（2023年6月22日）現在において当社グループが判断したものであります。 
(1) 当社グループの事業展開について
①  事業内容について過去2期間の当社グループにおけるセグメント別の売上高は以下のとおりとなっており、ラーメン事業の比率が高い水準にあります。当社グループは、ラーメン事業への依存度が高いことから、国内外の景気の悪化・低迷や電力供給事情の悪化により店舗営業に支障を来たした場合等の外的要因、あるいは、当社グループ固有の問題発生等により、当該事業の展開に何らかの支障が生じた場合は、当社グループの業績に影響を及ぼす可能性があります。 










事業別

2022年3月期(自  2021年4月1日至  2022年3月31日)

2023年3月期(自  2022年4月1日至  2023年3月31日)



金額(千円)

比率(％)

金額(千円)

比率(％)



ラーメン事業

22,519,452

90.0

22,842,792

89.7



その他の事業

2,504,374

10.0

2,619,060

10.3



合計

25,023,831

100.0

25,461,852

100.0


 
(注) 1．その他の事業は、フランチャイズ事業、洋・和食等の外食事業等であります。2．セグメント間の取引については相殺消去しております。 
②  営業戦略について当連結会計年度末現在、当社グループが事業を展開している地域は、東北（青森県・岩手県・宮城県・秋田県・山形県・福島県）、関東（茨城県・栃木県・群馬県・埼玉県・千葉県・東京都・神奈川県）、甲信越（新潟県・山梨県・長野県）、東海（静岡県・愛知県）、関西（大阪府・兵庫県）の国内20都府県並びに海外（タイ王国）であります。当連結会計年度末現在の店舗数は431店舗（国内426店舗、海外5店舗）であり、その内訳は、ラーメン事業の直営店385店舗（国内385店舗）、その他の事業の直営店29店舗、フランチャイズ加盟店17店舗（国内12店舗、海外5店舗）となっております。 当社グループは、店舗の商圏が隣接するようなドミナント出店方式を継続し、出店地域のマーケットシェアを高めていく方針であります。しかしながら、ラーメン事業の「幸楽苑」が大部分を占めていることと、出店エリアが東北・関東に集中していることで、消費者嗜好の変化や自社競合の発生等により、営業戦略を変更する可能性があります。過去2期間の当社グループの直営店における売上高、売上高シェア及び期末店舗数を地域別に示すと以下のとおりであります。 












地域別

2022年3月期(自  2021年4月1日至  2022年3月31日)

2023年3月期(自  2022年4月1日至  2023年3月31日)



売上高（千円）

売上高シェア（％）

期末店舗数（店舗）

売上高（千円）

売上高シェア（％）

期末店舗数（店舗）



青森県

553,485

2.3

9

622,617

2.5

9



岩手県

576,967

2.4

9

605,180

2.4

9



宮城県

2,714,307

11.1

44

2,835,601

11.4

44



秋田県

784,577

3.2

15

815,807

3.3

14



山形県

905,354

3.7

14

915,127

3.6

14



福島県

2,845,041

11.6

48

3,062,868

12.3

47



東北計

8,379,734

34.3

139

8,857,201

35.5

137



茨城県

1,818,266

7.4

39

1,958,130

7.9

39



栃木県

1,160,864

4.7

22

1,144,124

4.6

22



群馬県

708,939

2.9

14

695,939

2.8

14



埼玉県

2,267,648

9.3

40

2,214,587

8.9

40



千葉県

2,567,752

10.5

49

2,502,196

10.0

47



東京都

2,005,246

8.2

29

2,144,706

8.6

29



神奈川県

2,292,605

9.4

40

2,340,049

9.4

38



関東計

12,821,324

52.4

233

12,999,735

52.2

229



新潟県

885,570

3.6

17

836,796

3.4

16



山梨県

440,268

1.8

8

424,506

1.7

7



長野県

477,197

2.0

8

447,324

1.8

7



北陸甲信越計

1,803,036

7.4

33

1,708,628

6.9

30



静岡県

754,952

3.0

12

748,052

3.0

12



愛知県

310,742

1.3

3

218,312

0.9

3



東海計

1,065,695

4.3

15

966,365

3.9

15



大阪府

245,891

1.0

2

239,721

0.9

2



兵庫県

142,790

0.6

1

146,398

0.6

1



関西計

388,682

1.6

3

386,119

1.5

3



計

24,458,472

100.0

423

24,918,049

100.0

414


 
  
③  出店政策について当社グループが多店舗展開を推進するにあたり、直営店を基本としてきた理由は、一定の品質・サービス・清潔さの水準を全店ベースで維持・管理するとともに、店舗のスクラップ・アンド・ビルドや業態転換を機動的に実施できること等によるものであります。今後も直営店を主体とした出店継続を計画しており、出店にあたっては、事前のマーケティング調査を十分実施したうえで、社内基準に従った店舗開発を進めてまいります。出店戦略としては、引き続き主要幹線道路や主要生活道路に面した場所への出店により、食材の効率的な配送ルートを確保するとともに、周辺地域のファミリー層やビジネス顧客等を中心とした、地域密着型の店舗展開を推進していく方針であります。店舗新設資金は、自己資金及び金融機関からの借入金等にて調達する予定でありますが、新設した店舗が計画どおりの収益を計上できず、投下資本の回収に時間を要した場合等には、有利子負債残高の増加が負担となり、当社グループの業績に影響を及ぼす可能性があります。 
④  食材の生産体制及び仕入体制等について当社グループは、麺や餃子等の主要な食材については、国内では福島県郡山市の郡山工場及び神奈川県小田原市の小田原工場の2工場による集中生産体制をとっており、生産面及び物流面の支障は発生しておりません。しかしながら、今後の店舗展開に伴う生産量の増大及び物流コストの増加、あるいは各生産工場における不測の事態発生等に伴う生産能力の低下等により、当社グループの業績が影響を受ける可能性があります。2工場による集中生産体制は、今後の出店計画と密接に関係するため、直営店の店舗展開が計画どおりに進まなかった場合、あるいは、当初の収益計画を達成できずに投下資本の回収に時間を要した場合には、当該工場の稼動率低下や有利子負債残高の増加等が負担となり、当社グループの業績に影響を及ぼす可能性があります。また、その他の食材につきましては、世界各地から品質の高い食材をより低コストで購買できる体制を構築してまいりますが、異常気象による世界的な食糧不足や放射性物質検出による野菜等の出荷制限等に伴う原材料価格の高騰が発生した場合、当社グループの業績に影響を及ぼす可能性があります。加えて、当社グループは外食産業に属するラーメン事業を中心としているため、コロナ禍によるお客様の外食控えの影響を受けております。サプライチェーンについては、現状、致命的な影響を受けておりませんが、工場で新型コロナウイルス等の感染症の集団感染が発生した場合、一時的に生産停止となり当社グループの業績が影響を受ける可能性があります。 
⑤  人材の確保・育成について現在、当社グループのパートナー(臨時従業員)数は約2,600名であり、業種柄、各店舗の従業員数に占める割合は大きく、今後の店舗展開に比例して、引き続きパートナー数を増加させる見込みであります。これらパートナーの教育は、各店舗・各エリアに配属する当社グループ従業員(正社員)のうち店長及びサポートセンターの管理職層等が担当し、綿密にプログラム化された各種マニュアルをパートナーに徹底させるための継続的なＯＪＴを実施しております。当社グループは、正社員の能力育成のために階層別教育制度を導入しており、各職能資格別に習熟すべき技量・能力を具体的に定めることにより、高度で均質な技能を保持した正社員の育成に努めております。また、それらの技能をパートナーの教育に反映させることによって、グループ全体の人的能力の向上に努めております。しかしながら、新商勢圏においては、知名度の浸透割合が十分とは言い難く、店舗展開に合わせ適時に適切なパートナー等の確保ができず、また、フランチャイズ加盟店を含め十分な技能教育ができなかった場合等には、出店計画の遂行に支障を来たす可能性があるとともに、サービスの質が低下し、顧客満足度の維持が困難となること等から、当社グループの業績に影響を及ぼす可能性があります。　 
(2) 法的規制等について
①  法的規制について当社グループが営んでいる外食事業に関する主たる法的規制には、食品の規格・添加物・衛生監視・営業許可等を定めた「食品衛生法」、工場・事業場の排水規制を定めた「水質汚濁防止法」、浄化槽の設置等を定めた「浄化槽法」、欠陥製造物からの消費者保護を目的とした「製造物責任法(ＰＬ法)」、食品廃棄物の排出抑制と再生利用等を定めた「食品循環資源の再生利用等の促進に関する法律(食品リサイクル法)」、容器包装の廃棄に関して一般廃棄物の減量と再生利用を目的とした「容器包装に係る分別収集及び再商品化の促進等に関する法律（容器包装リサイクル法）」並びに温室効果ガスの排出抑制を目的とした「地球温暖化対策の推進に関する法律（温対法）」や燃料資源の有効な利用の確保を目的とした「エネルギーの使用の合理化に関する法律（省エネ法）」等があります。これらの法的規制が強化された場合には、設備投資等の新たな費用が発生・増加すること等により、当社グループの業績が影響を受ける可能性があります。 
②  食品の衛生管理について当社グループは、安全な食品を提供するために、法定の食品衛生検査に加え、ＩＳＯの考え方を基本とした品質・安全対策を実施しております。しかしながら、今後において当社グループ固有の衛生問題が発生した場合、あるいは、他の外食事業者の衛生管理の不手際に基づく連鎖的風評被害、原料メーカー等における無認可添加物の使用等による食品製造工程に対する不信、ＢＳＥ(狂牛病)・口蹄疫・輸入野菜の農薬残留等の食物の安全性に対する問題並びにそれらを監督する行政に対する社会全般的な問題等、各種の衛生上の問題が発生した場合には、当社グループの業績に影響を及ぼす可能性があります。 
③  個人情報の取り扱いについて当社グループの各社において、お客様、株主及び従業員等の個人情報を取り扱っております。これらの個人情報の漏洩及び個人情報への不正なアクセスにつきましては重大なリスクと認識し、情報セキュリティには最善の対策を講じておりますが、万一、個人情報が漏洩した場合、社会的信用の失墜による企業イメージの低下、損害賠償の支払い等により、当社グループの業績に影響を及ぼす可能性があります。 
(3) 競合について当社グループの属する外食産業においては、ラーメン事業等を営む同業者との競合のみならず、和・洋・中華レストラン及びファーストフードチェーン等との競合のほか、コンビニエンスストア、スーパーマーケット、持ち帰り弁当事業及び宅配ピザ事業等の食品小売業者との間においても、商品・価格・利便性・品質・サービス内容等をめぐり、激しい競合状態にあります。特に最近では、低価格競争が激しくなっているほか、良好な新規の出店場所や優秀な人材の獲得においても競合が発生しております。当社グループは、これらの競合に対処すべく「高品質・低価格」をモットーに、顧客満足度を高めるとともに、新規顧客の獲得と既存顧客のリピート率の向上に努めております。しかしながら、これらの競合による品質の向上及びサービスレベルの改善等に伴うコストの増加、並びに販売価格の更なる引き下げ圧力による利幅の低下等が、当社グループの業績に影響を及ぼす可能性があります。 
(4) 自然災害について当社グループの営業店舗や工場所在地を含む地域において、大規模な地震や洪水、台風等の自然災害が発生した場合、店舗・工場設備の損壊、社会インフラ・物流の寸断等の理由から、正常な店舗営業が困難となり、当社グループの業績に影響を及ぼす可能性があります。 
(5) 借入金の財務制限条項について当社が取引金融機関との間で締結している借入契約には、財務制限条項が付されております。これに抵触した場合、貸付人の請求があれば同契約上の期限の利益を失うため、直ちに債務の弁済をするための資金確保が必要となり、当社グループの財政状態及び資金繰りに影響を及ぼす可能性があります。  
(6) 継続企業の前提に関する重要事象2022年3月に「まん延防止等重点措置」が解除されたのち、当社グループの業績は回復傾向にありました。しかしながら、7月以降に新型コロナウイルス変異株の感染者が急増し、更に10月末より感染拡大第8波に入ったことで再度外食を自粛する傾向が強まり、業績への影響が想定よりも長引く結果となりました。更に外食産業における人手不足の影響により、一部店舗の営業時間短縮及び休業を余儀なくされました。それに加えて、人手不足による人件費関連コストの上昇、原材料費、光熱費、物流費などの店舗運営コストが上昇した結果等により、継続して営業損失を計上し、また当連結会計年度においては親会社株主に帰属する当期純損失を計上しており、継続企業の前提に重要な疑義を生じさせるような状況が存在しております。このような状況に対して、人手不足の解消による営業時間の正常化、定番メニューの絞り込みによる店舗運営の効率化、メニューミックスによる客単価の上昇、店舗運営コストの上昇を考慮した一部商品の価格改定、販売促進費の大幅な削減及び固定費管理の徹底、不採算店舗の退店等を実施することにより営業損失を解消させる計画であるとともに、金融機関に対して業績回復に向けた施策を説明し、2023年3月末に総額40億円のコミットメントライン契約を更新することで、十分な運転資金を確保しております。以上の状況により、継続企業の前提に重要な不確実性は認められないと判断しております。 